Temp = 300.0378344378787 ± 0.041209822358512616 [K]
E_pair = -549491.2434228429 ± 0.028700710747884214 [eV]
Press = -176.21083245601218 ± 2.916976400941088 [bar]
Pxx = -246.0369293492747 ± 4.0727960540298636 [bar]
Pyy = -242.72929110342915 ± 4.111890726207517 [bar]
Pzz = -39.86627691533294 ± 3.9711942225517736 [bar]
Surface tension = 76.6938124916321 ± 1.7512722789901247 [mN/m]
