Temp = 300.046090989835 ± 0.06206276109788509 [K]
Lx = 25.11765128571299 ± 0.0008927875589808786 [A]
Press = 10.566556986880371 ± 13.162838692460776 [bar]
Pxx = -12.814732362828558 ± 18.390675846530225 [bar]
Pyy = 13.466195698902474 ± 18.316075486585298 [bar]
Pzz = 31.048207624566643 ± 18.10981076828545 [bar]
Volume = 15847.23652301121 ± 5.499785641234206 [Å³]
Density = 0.032813292036433385 ± 1.1387857568829283e-05 [Å⁻³]
Density = 981.6121331546518 ± 0.34066862745097776 [kg/m³]
