Temp = 300.07824950723284 ± 0.061827065399414696 [K]
E_pair = -244218.97418463175 ± 0.01997055053062828 [eV]
Press = -182.5474824414855 ± 4.332968811247068 [bar]
Pxx = -246.66799617826223 ± 6.124671271032226 [bar]
Pyy = -259.4956313008143 ± 6.065449273904311 [bar]
Pzz = -41.478819845380116 ± 5.912562387723585 [bar]
Surface tension = 79.35112271030928 ± 2.447549710132197 [mN/m]
