Temp = 300.026650190385 ± 0.03123379294901605 [K]
E_pair = -976873.8710919389 ± 0.03937423652247947 [eV]
Press = -175.79459473541797 ± 2.1659054015828665 [bar]
Pxx = -245.30540153943522 ± 3.054648713328835 [bar]
Pyy = -243.24767360224598 ± 3.0456827891919858 [bar]
Pzz = -38.830709064572964 ± 2.950114244298925 [bar]
Surface tension = 77.04218568985037 ± 1.3007997903840158 [mN/m]
