Temp = 299.9968990007086 ± 0.024971438099903324 [K]
E_pair = -1526364.7308062036 ± 0.049238773133141546 [eV]
Press = -175.31467035380828 ± 1.7573396843397622 [bar]
Pxx = -242.00823198121446 ± 2.468714479238829 [bar]
Pyy = -242.66722633551615 ± 2.453017538070014 [bar]
Pzz = -41.26855274469449 ± 2.3962894458334953 [bar]
Surface tension = 75.40094115512655 ± 1.089013916872566 [mN/m]
