Temp = 300.0030572156839 ± 0.02068369536269409 [K]
E_pair = -2197965.3530214 ± 0.05865846964444293 [eV]
Press = -171.2711669448033 ± 1.430366211536935 [bar]
Pxx = -234.6461712595292 ± 1.996608824133616 [bar]
Pyy = -238.4597675917076 ± 2.0441628557370985 [bar]
Pzz = -40.707561983172965 ± 1.9619080277830714 [bar]
Surface tension = 73.96889702352405 ± 0.9140368384197817 [mN/m]
